INSERT INTO ROLES (RoleId, RoleName) 
    VALUES  (1, N'Manager'),
            (2, N'Registered user');	
			
INSERT INTO USERS (UserName, Phone, Email, PasswordUsr, RoleId)
	VALUES (N'Петренко Микола Петрович', N'+380501234567', N'petrenko.mykola@fastdelivery.ua', N'1PoY/snPwPLscu97Reoje1M0psVtrBy7', 1);
		   
INSERT INTO CARGOTYPES (TypeName)
	VALUES (N'Вантажі'),
		   (N'Посилки');
		   
INSERT INTO STATUSES (StatusName)
	VALUES (N'Створено'),
		   (N'Оплачено'),
		   (N'Отримано'),
		   (N'Доставлено'),
		   (N'Підтверджено');
		   
INSERT INTO CITIES (cityId, CityName)
	VALUES (1, N'Київ'),                
		   (2, N'Львів'),               
		   (3, N'Харків'),              
		   (4, N'Дніпро'),              
		   (5, N'Одеса'),               
		   (6, N'Вінниця'),             
		   (7, N'Івано-Франківськ'),    
		   (8, N'Тернопіль'),		   
		   (9, N'Житомир'),			    
		   (10, N'Рівне'),				
		   (11, N'Луцьк');			    
		   
INSERT INTO DIRECTIONS (CityFromId, CityToId, Distance)
	VALUES (1, 1, 50),
		   (1, 2, 554),
		   (1, 3, 486),
		   (1, 4, 494),
		   (1, 5, 476),
		   (1, 6, 262),
		   (1, 7, 605),
		   (1, 8, 475),
		   (1, 9, 139),
		   (1, 10, 339),
		   (1, 11, 401),
		   (2, 2, 50),
		   (2, 3, 1037),
		   (2, 4, 942),
		   (2, 5, 797),
		   (2, 6, 369),
		   (2, 7, 139),
		   (2, 8, 134),
		   (2, 9, 402),
		   (2, 10, 211),
		   (2, 11, 164),
		   (3, 3, 50),
		   (3, 4, 218),
		   (3, 5, 716),
		   (3, 6, 758),
		   (3, 7, 1083),
		   (3, 8, 949),
		   (3, 9, 626),
		   (3, 10, 814),
		   (3, 11, 878),
		   (4, 4, 50),
		   (4, 5, 497),
		   (4, 6, 570),
		   (4, 7, 952),
		   (4, 8, 813),
		   (4, 9, 624),
		   (4, 10, 797),
		   (4, 11, 884),
		   (5, 5, 50),
		   (5, 6, 443),
		   (5, 7, 798),
		   (5, 8, 684),
		   (5, 9, 537),
		   (5, 10, 704),
		   (5, 11, 776),
		   (6, 6, 50),
		   (6, 7, 367),
		   (6, 8, 235),
		   (6, 9, 129),
		   (6, 10, 312),
		   (6, 11, 389),
		   (7, 7, 50),
		   (7, 8, 136), 
		   (7, 9, 465),
		   (7, 10, 188),
		   (7, 11, 273),
		   (8, 8, 50),
		   (8, 9, 321),
		   (8, 10, 159),
		   (8, 11, 167),
		   (9, 9, 50),
		   (9, 10, 189),
		   (9, 11, 273),
		   (10, 10, 50),
		   (10, 11, 74),
		   (11, 11, 50),
		   (2, 1, 554),
		   (3, 1, 486),
		   (4, 1, 494),
		   (5, 1, 476),
		   (6, 1, 262),
		   (7, 1, 605),
		   (8, 1, 475),
		   (9, 1, 139),
		   (10, 1, 339),
		   (11, 1, 401),
		   (3, 2, 1037),
		   (4, 2, 942),
		   (5, 2, 797),
		   (6, 2, 369),
		   (7, 2, 139),
		   (8, 2, 134),
		   (9, 2, 402),
		   (10, 2, 211),
		   (11, 2, 164),
		   (4, 3, 218),
		   (5, 3, 716),
		   (6, 3, 758),
		   (7, 3, 1083),
		   (8, 3, 949),
		   (9, 3, 626),
		   (10, 3, 814),
		   (11, 3, 878),
		   (5, 4, 497),
		   (6, 4, 570),
		   (7, 4, 952),
		   (8, 4, 813),
		   (9, 4, 624),
		   (10, 4, 797),
		   (11, 4, 884),
		   (6, 5, 443),
		   (7, 5, 798),
		   (8, 5, 684),
		   (9, 5, 537),
		   (10, 5, 704),
		   (11, 5, 776),
		   (7, 6, 367),
		   (8, 6, 235),
		   (9, 6, 129),
		   (10, 6, 312),
		   (11, 6, 389),
		   (8, 7, 136), 
		   (9, 7, 465),
		   (10, 7, 188),
		   (11, 7, 273),
		   (9, 8, 321),
		   (10, 8, 159),
		   (11, 8, 167),
		   (10, 9, 189),
		   (11, 9, 273),
		   (11, 10, 74);
		   
		  
		
		
INSERT INTO Constants (Name, MinValue, MinPrice, Coef)
	VALUES ('distance', 50, 30, 5),
		   ('weight', 1, 7, 3),
		   (N'avLength', 15, 5, 4);
		   
		

